0
400 300 0
20 300 3
200 440 2
300 160 0
400 110 0
440 300 3
600 160 0
700 440 2
900 300 1
900 160 0
1000 300 1
1100 300 1
1160 300 3
1220 300 3
1280 300 3
1360 300 3
1460 300 3
1560 300 3
1800 300 1
1860 300 3
1920 300 3
2100 300 1
2200 440 2
2300 300 1
2360 300 3
2420 300 3
2480 300 3
2560 300 3
2800 440 2
2900 160 0
3000 160 0
3100 440 2
3200 300 1
3300 440 2
3260 300 3
3500 160 0
3600 300 1
3700 160 0
3800 160 0
3770 300 3
4000 160 0
4100 300 1
4200 160 0
4300 440 2
4400 160 0
4500 160 0
4600 160 0
4570 300 3
4800 440 2
4760 300 3
5000 300 1
5060 300 3
5200 160 0
5170 300 3
5400 440 2
5500 440 2
5460 300 3
5700 300 1
5760 300 3
5900 160 0
6000 160 0
6100 300 1
6200 440 2
6300 300 1
6400 300 1
6500 440 2
6600 300 1
6700 440 2
6800 300 1
6900 160 0
7000 160 0
6960 300 3
7200 440 2
7300 160 0
7400 160 0
7500 440 2
7600 160 0
7700 440 2
7800 300 1
7900 300 1
7960 300 3
8020 300 3
8080 300 3
8300 160 0
8400 160 0
8500 300 1
8600 440 2
8700 160 0
8800 440 2
8900 160 0
9000 440 2
9100 300 1
9160 300 3
9300 440 2
9400 440 2
9500 440 2
9600 440 2
9560 300 3
9800 440 2
9900 300 1
9960 300 3
